,matchId,teamId,win,baronKills,dragonKills,riftHeraldKills,totalGold,goldSpent,totalKills,totalDeaths,totalTurretsTaken,totalInhibitorsTaken,totalEliteMonstersTaken,averageChampionExp,wardsPlaced,goldDiff,allInPings,assistMePings,commandPings,enemyMissingPings,enemyVisionPings,holdPings,getBackPings,totalPings
0,NA1_5290905508,100,True,0,2,0,32599,28650,24,13,3,0,0,6331.0,29,8200,12,8,19,19,3,0,1,62
1,NA1_5290905508,200,False,0,0,0,24399,20458,12,25,0,0,0,5249.4,21,-8200,0,0,1,12,13,0,0,26
2,NA1_5290901967,100,True,0,0,0,3010,2500,0,1,0,0,0,219.0,1,-271,0,0,0,1,0,0,0,1
3,NA1_5290901967,200,False,0,0,0,3281,2000,1,0,0,0,0,118.8,1,271,0,0,1,0,0,0,0,1
4,NA1_5290883199,100,True,0,3,1,47251,41605,31,11,21,0,0,10609.2,27,13805,1,2,8,9,4,0,5,29
5,NA1_5290883199,200,False,0,0,0,33446,28658,11,31,1,0,0,8070.8,23,-13805,3,3,13,9,1,0,3,32
6,NA1_5290843822,100,False,0,2,1,83846,78710,47,59,8,0,0,20647.8,55,-5317,23,16,29,17,13,0,1,99
7,NA1_5290843822,200,True,1,3,0,89163,81075,59,47,12,0,0,24517.0,97,5317,28,85,37,17,10,0,0,177
8,NA1_5290809938,100,False,0,1,0,53001,50658,14,41,10,0,0,12285.8,68,-13597,16,11,20,19,8,0,4,78
9,NA1_5290809938,200,True,1,4,1,66598,58405,41,14,21,0,0,16513.2,64,13597,1,3,16,25,6,0,7,58
10,NA1_5290768327,100,False,0,0,0,57338,53850,21,44,5,0,0,13967.4,78,-12504,0,21,29,28,5,0,4,87
11,NA1_5290768327,200,True,1,4,1,69842,58335,44,21,17,0,0,17833.8,73,12504,9,14,5,27,17,0,8,80
12,NA1_5290735063,100,False,0,1,0,41770,39275,14,30,0,0,0,10783.0,46,-12375,5,10,16,30,8,0,5,74
13,NA1_5290735063,200,True,0,3,1,54145,46850,30,14,21,0,0,13911.6,36,12375,1,7,10,24,13,0,5,60
14,NA1_5290695081,100,True,0,3,0,63253,56283,42,23,20,0,0,15402.2,55,10010,7,9,3,19,14,0,1,53
15,NA1_5290695081,200,False,0,1,1,53243,48408,23,42,4,0,0,12970.8,51,-10010,0,4,15,12,12,0,0,43
16,NA1_5290670900,100,True,0,3,1,54267,45650,38,10,19,0,0,13677.4,50,9766,10,16,28,11,6,0,11,82
17,NA1_5290670900,200,False,0,0,0,44501,51412,10,38,4,0,0,10351.8,56,-9766,0,6,13,16,10,0,2,47
18,NA1_5290630980,100,False,0,0,0,58023,56225,20,38,3,0,0,14184.8,75,-9236,4,8,33,37,4,0,25,111
19,NA1_5290630980,200,True,0,4,1,67259,59975,37,20,18,0,0,16048.8,56,9236,0,3,28,7,23,0,4,65
20,NA1_5290610228,100,False,0,0,0,34366,32390,15,22,3,0,0,8125.4,50,-4921,3,4,16,31,9,0,10,73
21,NA1_5290610228,200,True,0,2,1,39287,33225,22,15,6,0,0,9588.2,42,4921,0,17,2,11,9,0,0,39
22,NA1_5290591760,100,False,0,0,0,41902,40150,16,31,2,0,0,10240.2,42,-10806,6,24,19,29,6,0,9,93
23,NA1_5290591760,200,True,0,4,0,52708,45563,31,16,9,0,0,13952.6,41,10806,13,36,4,28,18,0,2,101
24,NA1_5290506335,100,True,0,3,0,70776,63748,40,27,14,0,0,17272.6,66,8447,19,43,29,21,6,0,19,137
25,NA1_5290506335,200,False,0,1,0,62329,60430,27,40,11,0,0,15699.6,73,-8447,0,8,18,17,3,0,2,48
26,NA1_5290483768,100,False,0,0,0,63274,59210,27,44,3,0,0,15634.4,76,-9279,15,24,14,41,5,0,11,110
27,NA1_5290483768,200,True,1,5,1,72553,64230,44,28,17,0,0,19107.0,59,9279,0,24,38,21,21,0,1,105
28,NA1_5290455623,100,False,0,1,0,65275,62475,24,41,2,0,0,17664.0,68,-16969,5,15,29,24,11,0,21,105
29,NA1_5290455623,200,True,0,5,0,82244,72000,41,24,18,0,0,22749.4,62,16969,20,15,14,40,7,0,18,114
30,NA1_5290442790,100,False,0,1,0,40505,38362,18,30,0,0,0,9639.0,43,-10240,9,6,13,28,4,0,4,64
31,NA1_5290442790,200,True,0,3,1,50745,44958,30,18,15,0,0,13077.0,57,10240,2,2,6,9,2,0,7,28
32,NA1_5290428600,100,True,0,3,0,36013,30600,19,6,4,0,0,8181.4,39,9997,7,10,11,14,2,0,6,50
33,NA1_5290428600,200,False,0,0,0,26016,23250,6,19,0,0,0,6376.8,37,-9997,0,4,20,29,9,0,1,63
34,NA1_5290414000,100,True,1,4,1,64937,55175,36,26,23,0,0,16295.8,57,14122,6,16,3,21,15,0,11,72
35,NA1_5290414000,200,False,0,0,0,50815,49113,26,36,0,0,0,13048.4,60,-14122,5,20,10,5,4,0,5,49
36,NA1_5290201311,100,False,0,2,1,63435,60760,42,51,6,0,0,15016.6,71,-14966,5,23,9,96,9,0,6,148
37,NA1_5290201311,200,True,1,3,0,78401,70140,51,42,16,0,0,17868.6,80,14966,12,24,5,30,11,0,37,119
38,NA1_5290173880,100,True,0,1,1,49442,45068,25,15,6,0,0,12577.0,50,6749,5,14,31,25,3,0,8,86
39,NA1_5290173880,200,False,0,2,0,42693,38525,15,25,2,0,0,11094.8,54,-6749,9,12,29,40,6,0,1,97
40,NA1_5211619307,100,True,0,2,1,54037,46600,35,21,10,0,0,13442.2,48,11800,0,17,12,21,13,0,13,76
41,NA1_5211619307,200,False,0,1,0,42237,39500,20,35,3,0,0,11324.0,42,-11800,0,2,15,21,5,0,0,43
42,NA1_5210910377,100,True,0,2,0,64488,54233,39,18,19,0,0,15530.0,56,11219,3,19,11,25,10,0,8,76
43,NA1_5210910377,200,False,0,1,1,53269,50700,18,39,6,0,0,12146.8,44,-11219,1,11,11,37,4,0,0,64
44,NA1_5210103710,100,True,1,3,0,80027,71858,42,36,21,0,0,20587.4,88,6998,20,29,2,38,3,0,33,125
45,NA1_5210103710,200,False,0,2,1,73029,70170,36,42,12,0,0,17151.0,85,-6998,0,25,34,37,3,0,16,115
46,NA1_5208869428,100,True,0,3,1,65184,57750,38,21,22,0,0,15951.4,62,8009,3,17,103,52,3,0,44,222
47,NA1_5208869428,200,False,1,2,0,57175,56620,21,38,2,0,0,14819.8,61,-8009,0,19,11,25,10,0,5,70
48,NA1_5208572997,100,False,0,3,1,67865,64250,33,47,12,0,0,16472.8,59,-10064,1,39,39,57,6,0,47,189
49,NA1_5208572997,200,True,2,2,0,77929,69458,47,33,12,0,0,19986.6,72,10064,1,23,21,25,9,0,2,81
50,NA1_5207836237,100,False,0,1,0,52539,49185,29,45,1,0,0,13160.4,57,-12304,1,23,31,52,13,0,25,145
51,NA1_5207836237,200,True,1,3,1,64843,59593,45,29,19,0,0,16530.0,48,12304,1,6,27,24,13,0,0,71
52,NA1_5205809916,100,False,0,2,0,75027,68285,35,48,14,0,0,19353.6,56,-5382,1,18,27,29,9,0,41,125
53,NA1_5205809916,200,True,2,4,1,80409,75343,48,35,30,0,0,21335.0,60,5382,2,7,32,20,13,0,3,77
54,NA1_5204703827,100,True,0,3,1,57889,51050,31,32,15,0,0,13132.4,51,4243,6,17,41,19,9,0,9,101
55,NA1_5204703827,200,False,0,1,0,53646,52000,32,31,3,0,0,13302.2,39,-4243,0,3,15,11,4,0,9,42
56,NA1_5203316361,100,True,1,2,0,67432,61100,35,20,18,0,0,16951.2,51,6888,0,10,29,35,9,0,6,89
57,NA1_5203316361,200,False,0,2,1,60544,55358,20,35,4,0,0,16658.8,61,-6888,3,16,26,12,15,0,37,109
58,NA1_5181938487,100,True,0,4,1,56989,50500,44,21,21,0,0,12476.2,44,15253,1,5,28,18,14,0,0,66
59,NA1_5181938487,200,False,0,0,0,41736,38030,21,44,1,0,0,9715.6,31,-15253,0,0,8,23,7,0,1,39
60,NA1_5181867604,100,False,0,1,0,54755,52033,26,31,5,0,0,13267.6,59,-5178,1,6,35,22,13,0,4,81
61,NA1_5181867604,200,True,0,3,1,59933,55988,31,26,12,0,0,13465.6,64,5178,1,13,15,18,3,0,7,57
62,NA1_5181436375,100,True,2,4,1,70204,62475,42,27,23,0,0,17403.4,45,8625,0,8,63,25,16,0,0,112
63,NA1_5181436375,200,False,0,0,0,61579,59150,27,42,5,0,0,14808.0,62,-8625,6,10,1,29,4,0,13,63
64,NA1_5181379355,100,False,1,4,1,59080,57083,19,22,11,0,0,14719.8,61,-4882,0,27,27,21,22,0,12,109
65,NA1_5181379355,200,True,0,1,0,63962,53966,22,19,17,0,0,15760.8,57,4882,0,5,19,18,22,0,20,84
66,NA1_5181366566,100,False,0,0,0,2548,2000,0,0,0,0,0,52.0,1,48,0,0,0,1,0,0,0,1
67,NA1_5181366566,200,True,0,0,0,2500,2450,0,0,0,0,0,0.0,1,-48,0,0,0,0,0,0,0,0
68,NA1_5181330189,100,False,0,0,0,49885,48200,15,31,8,0,0,12045.2,56,-11126,2,1,26,11,10,0,0,50
69,NA1_5181330189,200,True,1,4,0,61011,54383,31,15,18,0,0,14212.4,52,11126,0,4,17,14,7,0,10,52
70,NA1_5180677819,100,True,0,3,1,65387,60825,49,26,19,0,0,14616.0,76,13538,0,2,9,5,5,0,4,25
71,NA1_5180677819,200,False,0,1,0,51849,48675,26,49,2,0,0,12546.4,63,-13538,0,0,9,33,11,0,0,53
72,NA1_5180658014,100,True,0,2,0,32583,28875,17,5,3,0,0,7986.8,33,2437,0,9,5,22,6,0,0,42
73,NA1_5180658014,200,False,0,1,1,30146,27308,5,17,1,0,0,7162.6,27,-2437,1,2,8,9,6,0,7,33
74,NA1_5180623593,100,True,1,3,0,63949,57375,50,35,17,0,0,15803.8,57,4338,2,2,37,23,23,0,3,90
75,NA1_5180623593,200,False,0,1,1,59611,56950,35,50,5,0,0,13394.8,56,-4338,0,8,25,13,4,0,12,62
76,NA1_5180536813,100,False,0,1,1,49383,46950,29,37,3,0,0,11429.2,34,-10907,1,12,8,20,17,0,5,63
77,NA1_5180536813,200,True,1,3,0,60290,54208,37,29,12,0,0,13590.0,64,10907,0,9,30,21,8,0,9,77
78,NA1_5180498438,100,True,1,4,0,62919,55410,46,16,24,0,0,14857.4,64,16150,0,7,4,30,16,0,13,70
79,NA1_5180498438,200,False,0,0,0,46769,43135,15,46,0,0,0,12246.0,51,-16150,0,9,11,5,5,0,0,30
80,NA1_5277159992,100,True,0,2,0,51051,45800,23,18,11,0,0,13466.2,59,1902,0,9,7,37,5,0,1,59
81,NA1_5277159992,200,False,0,2,1,49149,45555,17,23,12,0,0,11559.6,42,-1902,1,14,30,28,12,0,2,87
82,NA1_5264994501,100,False,0,0,0,45245,53030,24,41,3,0,0,11538.8,45,-13088,0,7,26,31,5,0,2,71
83,NA1_5264994501,200,True,1,4,1,58333,52775,40,24,19,0,0,14988.4,41,13088,0,12,15,15,0,0,5,47
84,NA1_5264498759,100,False,0,4,1,70232,66775,22,35,7,0,0,18429.6,68,-7726,0,24,31,40,13,0,14,122
85,NA1_5264498759,200,True,2,2,0,77958,66785,35,23,20,0,0,21344.2,75,7726,0,13,32,20,18,0,12,95
86,NA1_5264465985,100,False,0,0,0,51550,48050,23,45,1,0,0,13610.2,68,-13144,0,20,16,18,25,0,0,79
87,NA1_5264465985,200,True,1,4,1,64694,60533,45,24,14,0,0,16664.4,61,13144,1,17,14,28,8,0,1,69
88,NA1_5262888868,100,True,0,1,1,40069,35675,21,12,12,0,0,9261.6,42,6572,0,4,13,10,4,0,3,34
89,NA1_5262888868,200,False,0,0,0,33497,31975,12,21,1,0,0,7832.2,38,-6572,1,6,11,24,11,0,4,57
90,NA1_5262855891,100,True,2,3,0,82966,79125,51,31,21,0,0,22165.2,75,12006,23,40,27,25,5,0,33,153
91,NA1_5262855891,200,False,0,3,1,70960,68705,31,51,19,0,0,17571.0,82,-12006,0,10,5,26,31,0,16,88
92,NA1_5262173785,100,True,1,4,0,71078,67100,47,41,21,0,0,18184.8,81,2661,0,27,24,26,4,0,5,86
93,NA1_5262173785,200,False,0,1,1,68417,65075,40,47,9,0,0,16727.2,81,-2661,0,8,22,28,24,0,9,91
94,NA1_5261628754,100,True,1,2,0,87172,78460,44,51,13,0,0,23735.6,76,4558,3,50,90,61,4,0,9,217
95,NA1_5261628754,200,False,2,4,1,82614,79010,51,44,12,0,0,21140.6,110,-4558,1,6,29,55,8,0,28,127
96,NA1_5261410811,100,True,1,3,1,61124,53425,36,21,19,0,0,15144.0,66,15241,6,23,21,14,14,0,8,86
97,NA1_5261410811,200,False,0,1,0,45883,44150,21,36,2,0,0,11834.6,62,-15241,5,26,13,24,6,0,8,82
98,NA1_5195915780,100,True,1,3,1,69970,62233,52,26,11,0,0,16743.0,74,10155,2,28,68,35,22,0,18,173
99,NA1_5195915780,200,False,0,1,0,59815,57168,26,52,9,0,0,12923.0,69,-10155,1,9,22,33,40,0,20,125
100,NA1_5173697016,100,False,1,3,0,90093,90158,40,40,12,0,0,23094.4,81,1807,14,41,50,29,16,0,14,164
101,NA1_5173697016,200,True,2,4,1,88286,84350,40,40,13,0,0,22719.4,92,-1807,0,90,60,62,12,0,24,248
102,NA1_5147737549,100,False,0,1,1,55935,54630,14,38,10,0,0,12509.2,70,-5507,0,32,7,37,13,0,20,109
103,NA1_5147737549,200,True,1,3,0,61442,55100,38,14,20,0,0,15563.8,67,5507,0,3,16,8,16,0,1,44
104,NA1_5147722327,100,False,0,2,1,38373,35525,19,31,3,0,0,8429.8,37,-11297,0,2,25,6,7,0,4,44
105,NA1_5147722327,200,True,0,0,0,49670,44583,30,19,15,0,0,9749.8,40,11297,0,3,3,21,7,0,2,36
106,NA1_5231070384,100,False,0,2,1,40841,38580,11,32,2,0,0,11035.4,36,-12634,1,6,20,6,9,0,0,42
107,NA1_5231070384,200,True,0,1,0,53475,44100,32,11,18,0,0,13850.4,50,12634,0,10,11,6,3,0,1,31
108,NA1_5227584074,100,True,1,3,1,77860,71210,48,38,16,0,0,20290.4,71,5989,2,10,10,10,11,0,7,50
109,NA1_5227584074,200,False,1,2,0,71871,69738,38,48,16,0,0,18666.8,65,-5989,2,16,48,16,10,0,9,101
110,NA1_5227554626,100,True,0,2,0,50770,42450,23,12,15,0,0,12215.6,41,10091,2,9,18,29,15,0,9,82
111,NA1_5227554626,200,False,0,2,1,40679,36500,12,23,2,0,0,9602.8,44,-10091,1,14,9,12,8,0,4,48
112,NA1_5226317693,100,False,1,4,1,74487,71430,42,56,8,0,0,18409.8,83,-2622,1,12,30,36,68,0,14,161
113,NA1_5226317693,200,True,0,2,0,77109,70300,56,42,18,0,0,19912.0,80,2622,0,26,21,30,14,0,10,101
114,NA1_5226289120,100,False,0,2,0,55281,51633,38,56,5,0,0,13197.0,62,-14589,0,15,31,8,15,0,7,76
115,NA1_5226289120,200,True,1,2,1,69870,62900,56,38,18,0,0,16167.0,58,14589,0,5,20,28,1,0,1,55
116,NA1_5226262886,100,True,0,3,1,57846,50180,35,29,21,0,0,13616.2,51,9809,2,5,40,19,8,0,6,80
117,NA1_5226262886,200,False,0,0,0,48037,44325,28,35,3,0,0,12960.4,49,-9809,1,11,19,27,6,0,5,69
118,NA1_5226160715,100,True,0,1,1,53391,47500,32,18,17,0,0,13290.2,34,11781,0,11,8,13,4,0,4,40
119,NA1_5226160715,200,False,0,2,0,41610,39525,18,32,2,0,0,10660.2,47,-11781,1,23,35,43,19,0,5,126
120,NA1_5205499421,100,True,0,3,1,40780,35850,24,10,5,0,0,9896.4,45,6789,0,16,20,34,5,0,7,82
121,NA1_5205499421,200,False,0,0,0,33991,30883,10,24,0,0,0,8772.0,40,-6789,1,6,12,19,10,0,0,48
122,NA1_5205474003,100,True,0,2,1,54643,50960,27,21,10,0,0,13401.0,60,9216,0,11,12,21,7,0,11,62
123,NA1_5205474003,200,False,0,1,0,45427,42450,20,27,3,0,0,10900.6,42,-9216,2,3,14,7,8,0,0,34
124,NA1_5147233486,100,True,0,2,0,39206,34405,13,6,5,0,0,9746.2,33,7978,2,5,9,17,5,0,0,38
125,NA1_5147233486,200,False,0,1,1,31228,26980,6,13,0,0,0,8479.0,36,-7978,1,10,32,10,5,0,0,58
126,NA1_5147224274,100,False,0,0,0,9883,7325,3,7,0,0,0,1857.4,4,-2571,0,0,3,3,2,0,1,9
127,NA1_5147224274,200,True,0,0,0,12454,9075,7,3,0,0,0,2403.2,9,2571,1,4,2,8,0,0,0,15
128,NA1_5146155245,100,True,1,5,0,72638,62785,35,31,16,0,0,16830.0,69,12660,0,19,33,13,11,0,2,78
129,NA1_5146155245,200,False,0,0,0,59978,54650,31,35,7,0,0,14850.6,45,-12660,0,9,9,30,34,0,1,83
130,NA1_5141038162,100,False,0,1,0,43847,38150,22,27,1,0,0,11115.2,44,-4292,0,13,19,63,2,0,1,98
131,NA1_5141038162,200,True,0,2,1,48139,45675,27,22,10,0,0,10786.2,44,4292,0,17,19,7,12,0,0,55
132,NA1_5107416341,100,True,1,2,0,52434,48708,32,12,11,0,0,13300.0,48,11251,0,2,18,7,2,0,3,32
133,NA1_5107416341,200,False,0,1,1,41183,38375,12,32,3,0,0,10391.8,55,-11251,0,9,15,34,7,0,8,73
134,NA1_5106782438,100,True,1,1,1,50348,44625,32,14,18,0,0,11608.6,39,9917,0,7,10,8,9,0,0,34
135,NA1_5106782438,200,False,0,2,0,40431,38310,14,32,3,0,0,8576.6,52,-9917,4,1,14,35,6,0,6,66
136,NA1_5293839591,100,True,0,4,0,65973,60523,34,27,18,0,0,16663.2,71,8356,1,6,36,43,10,0,19,115
137,NA1_5293839591,200,False,1,1,1,57617,55770,27,34,4,0,0,14331.2,69,-8356,8,14,21,13,15,0,11,82
138,NA1_5293383441,100,True,0,2,1,55899,50175,29,11,22,0,0,13959.6,49,12884,0,33,9,16,2,0,3,63
139,NA1_5293383441,200,False,0,1,0,43015,38000,11,29,1,0,0,11027.0,59,-12884,2,11,22,11,3,0,14,63
140,NA1_5293244568,100,False,0,1,0,50898,47005,28,53,2,0,0,11421.6,58,-10210,0,7,16,15,14,0,7,59
141,NA1_5293244568,200,True,1,3,1,61108,56610,53,28,18,0,0,14348.0,58,10210,4,20,55,12,13,0,10,114
142,NA1_5292243692,100,True,1,3,1,81148,66375,48,29,12,0,0,19788.6,62,19420,2,15,13,25,6,0,2,63
143,NA1_5292243692,200,False,0,1,0,61728,57826,29,48,4,0,0,15469.6,67,-19420,0,11,27,20,1,0,6,65
144,NA1_5291644155,100,True,0,2,0,79354,69850,48,47,18,0,0,17998.6,74,1697,9,16,39,42,15,0,23,144
145,NA1_5291644155,200,False,1,3,1,77657,73975,47,48,15,0,0,18369.0,82,-1697,1,8,36,18,1,0,2,66
146,NA1_5291631587,100,True,1,4,0,65458,56425,40,20,18,0,0,15793.2,45,11865,1,12,34,34,20,0,0,101
147,NA1_5291631587,200,False,0,0,1,53593,51538,20,40,4,0,0,12749.4,64,-11865,3,26,60,26,7,0,2,124
148,NA1_5291465291,100,True,0,1,1,33115,27925,19,6,4,0,0,7387.0,30,9750,0,4,11,10,2,0,1,28
149,NA1_5291465291,200,False,0,1,0,23365,19225,6,19,0,0,0,5520.2,22,-9750,0,0,5,11,4,0,9,29
150,NA1_5291392650,100,False,0,0,0,28042,23808,6,17,1,0,0,6805.2,31,-7974,0,5,18,17,13,0,5,58
151,NA1_5291392650,200,True,0,1,1,36016,29883,16,6,7,0,0,8161.4,29,7974,2,5,5,14,3,0,8,37
152,NA1_5291271581,100,False,0,1,0,67928,65700,31,33,9,0,0,16695.6,65,-5667,1,16,22,15,1,0,12,67
153,NA1_5291271581,200,True,2,4,1,73595,67400,33,33,18,0,0,19050.6,65,5667,2,32,30,9,1,0,17,91
154,NA1_5291218143,100,False,0,0,0,51496,48058,15,29,1,0,0,13127.4,50,-11760,0,7,6,10,7,0,3,33
155,NA1_5291218143,200,True,1,5,1,63256,53575,29,15,25,0,0,16088.2,54,11760,0,10,13,30,21,0,23,97
156,NA1_5290670558,100,False,0,1,1,39378,39983,9,35,2,0,0,9087.6,40,-10409,0,6,0,10,8,0,6,30
157,NA1_5290670558,200,True,0,2,0,49787,47916,35,9,10,0,0,12416.6,45,10409,2,5,12,8,0,0,0,27
158,NA1_5286584572,100,False,0,1,0,69396,66933,36,41,3,0,0,18296.0,75,-8004,0,6,46,5,4,0,0,61
159,NA1_5286584572,200,True,2,4,1,77400,69638,41,36,22,0,0,20429.0,70,8004,0,4,17,12,2,0,5,40
160,NA1_5283016869,100,False,0,1,0,59457,57896,24,35,10,0,0,14759.2,65,-5706,2,33,19,23,4,0,10,91
161,NA1_5283016869,200,True,1,4,1,65163,58310,35,24,20,0,0,15989.6,59,5706,0,10,18,39,13,0,16,96
162,NA1_5282997201,100,False,0,0,0,3598,2450,0,0,0,0,0,384.2,3,-149,0,1,1,0,0,0,0,2
163,NA1_5282997201,200,True,0,0,0,3747,2450,0,0,0,0,0,436.6,3,149,0,0,1,1,0,0,1,3
164,NA1_5282612169,100,False,0,2,1,68631,64173,23,38,12,0,0,17054.6,65,-6656,1,19,53,42,1,0,20,136
165,NA1_5282612169,200,True,1,4,0,75287,68283,38,23,20,0,0,18496.8,83,6656,0,2,25,39,6,0,2,74
166,NA1_5282507330,100,False,0,1,1,38482,36075,8,20,5,0,0,9323.4,35,-7813,0,8,1,21,3,0,8,41
167,NA1_5282507330,200,True,0,3,0,46295,39825,20,10,10,0,0,11647.2,43,7813,1,5,14,17,14,0,15,66
168,NA1_5282468870,100,False,0,1,1,70601,66525,39,56,3,0,0,16809.8,71,-10502,1,6,23,31,7,0,21,89
169,NA1_5282468870,200,True,1,5,0,81103,73093,56,39,15,0,0,20153.8,74,10502,3,19,41,33,9,0,5,110
170,NA1_5282217714,100,False,0,1,0,55174,53833,26,42,3,0,0,13880.6,54,-11465,3,4,14,13,5,0,8,47
171,NA1_5282217714,200,True,1,3,1,66639,62200,42,27,16,0,0,17035.8,45,11465,0,8,24,10,7,0,5,54
172,NA1_5282196527,100,False,0,1,0,51458,49603,29,41,5,0,0,12041.0,58,-13125,1,6,31,6,3,0,0,47
173,NA1_5282196527,200,True,1,4,1,64583,59350,41,30,13,0,0,15967.4,60,13125,0,0,6,14,11,0,5,36
174,NA1_5281975154,100,True,1,2,1,64732,53883,34,23,15,0,0,16607.8,63,6982,6,5,8,27,8,0,6,60
175,NA1_5281975154,200,False,0,3,0,57750,53758,23,34,5,0,0,13749.0,55,-6982,0,5,11,2,6,0,2,26
176,NA1_5289344908,100,False,0,0,1,30355,25250,12,14,1,0,0,6876.8,26,-186,1,3,5,7,1,0,8,25
177,NA1_5289344908,200,True,0,2,0,30541,27285,14,12,3,0,0,7098.4,34,186,1,9,9,3,10,0,0,32
178,NA1_5289311975,100,True,0,4,1,60896,54375,43,22,14,0,0,14962.6,62,9973,7,31,4,14,1,0,0,57
179,NA1_5289311975,200,False,0,0,0,50923,48150,22,43,4,0,0,12218.2,62,-9973,2,9,6,22,7,0,14,60
180,NA1_5289267394,100,False,1,1,0,81419,78290,37,55,10,0,0,21183.2,54,-6223,10,54,17,48,6,0,21,156
181,NA1_5289267394,200,True,1,5,1,87642,73485,55,37,18,0,0,22117.8,87,6223,2,9,31,12,0,0,12,66
182,NA1_5288760610,100,False,0,0,0,44493,41913,21,42,3,0,0,10541.2,50,-15190,0,6,6,14,5,0,5,36
183,NA1_5288760610,200,True,0,3,1,59683,48300,42,22,17,0,0,13939.4,53,15190,2,9,14,6,5,0,14,50
184,NA1_5288733478,100,False,0,2,1,66207,65905,28,45,8,0,0,16178.2,66,-12115,2,14,16,43,14,0,5,94
185,NA1_5288733478,200,True,2,3,0,78322,69305,44,28,17,0,0,20178.0,77,12115,6,20,25,24,20,0,14,109
186,NA1_5288711825,100,False,0,1,0,47618,45600,16,42,3,0,0,11907.6,50,-14697,0,7,17,17,9,0,14,64
187,NA1_5288711825,200,True,1,3,1,62315,54179,42,16,24,0,0,15714.8,50,14697,2,20,12,13,1,0,3,51
188,NA1_5288677870,100,False,0,2,0,67322,64608,34,38,5,0,0,17320.8,63,-10466,6,32,15,20,8,0,2,83
189,NA1_5288677870,200,True,1,3,1,77788,69637,38,34,20,0,0,19009.6,53,10466,0,0,6,18,4,0,0,28
190,NA1_5288589916,100,False,0,2,0,57128,53400,27,43,2,0,0,14189.2,62,-12354,0,3,17,17,0,0,0,37
191,NA1_5288589916,200,True,1,2,1,69482,59883,43,27,20,0,0,16807.0,60,12354,0,8,15,16,0,0,1,40
192,NA1_5288545143,100,True,1,1,0,62954,56608,45,29,14,0,0,15099.6,48,8061,2,15,31,34,1,0,2,85
193,NA1_5288545143,200,False,0,2,1,54893,52563,29,45,5,0,0,13341.4,43,-8061,2,13,25,20,0,0,13,73
194,NA1_5288376184,100,False,0,2,1,60709,58600,28,41,11,0,0,13853.4,75,-9464,1,26,105,47,12,0,11,202
195,NA1_5288376184,200,True,1,2,0,70173,61060,41,28,24,0,0,17165.0,67,9464,1,13,24,27,1,0,0,66
196,NA1_5286991920,100,True,0,3,1,51469,43525,28,23,27,0,0,12043.2,47,4647,2,9,9,12,10,0,0,42
197,NA1_5286991920,200,False,0,0,0,46822,43225,23,28,2,0,0,11282.0,37,-4647,0,14,6,9,0,0,3,32
198,NA1_5286959946,100,True,1,4,1,72122,69510,42,27,19,0,0,17856.8,87,5136,5,11,33,22,3,0,7,81
199,NA1_5286959946,200,False,0,0,0,66986,60540,27,42,9,0,0,16518.4,67,-5136,14,20,20,43,23,0,38,158
200,NA1_5286935942,100,True,1,3,0,55309,46975,35,18,12,0,0,14107.0,73,5512,3,31,18,34,0,0,1,87
201,NA1_5286935942,200,False,0,0,1,49797,46973,17,35,7,0,0,11632.6,59,-5512,5,20,15,23,9,0,1,73
202,NA1_5286912252,100,False,0,0,0,46721,44133,17,27,3,0,0,11274.8,53,-10769,2,62,25,58,8,0,10,165
203,NA1_5286912252,200,True,0,4,1,57490,48158,27,17,20,0,0,14484.4,54,10769,0,3,21,11,2,0,0,37
204,NA1_5286890925,100,False,0,1,0,49471,47390,22,45,3,0,0,11806.0,60,-14073,0,6,11,30,4,0,1,52
205,NA1_5286890925,200,True,0,3,1,63544,56300,45,23,18,0,0,15612.0,54,14073,0,10,11,7,4,0,8,40
206,NA1_5284998411,100,False,0,2,0,49002,45280,27,43,4,0,0,11403.4,34,-7001,4,3,6,6,5,0,5,29
207,NA1_5284998411,200,True,0,2,1,56003,50550,43,27,11,0,0,13963.2,52,7001,2,4,5,11,2,0,0,24
208,NA1_5283955599,100,False,1,2,0,77132,70463,35,54,10,0,0,18687.2,79,-4307,5,44,10,40,17,0,24,140
209,NA1_5283955599,200,True,1,4,1,81439,73700,54,35,12,0,0,20551.4,78,4307,2,8,35,12,7,0,3,67
210,NA1_5283815053,100,True,1,4,0,65574,59125,46,23,12,0,0,15579.4,80,12184,5,13,16,10,0,0,14,58
211,NA1_5283815053,200,False,0,1,1,53390,49875,23,46,5,0,0,13180.6,64,-12184,8,3,31,11,2,0,7,62
212,NA1_5283705265,100,False,0,1,0,72288,68843,40,51,5,0,0,17722.4,72,-10241,3,9,15,33,13,0,6,79
213,NA1_5283705265,200,True,1,5,1,82529,74368,51,40,24,0,0,21205.6,78,10241,0,21,49,21,6,0,10,107
214,NA1_5283617948,100,False,1,1,0,86487,79133,35,42,9,0,0,21975.8,97,-3416,2,15,48,19,6,0,5,95
215,NA1_5283617948,200,True,2,5,1,89903,84300,42,35,10,0,0,23426.4,110,3416,25,35,27,18,18,0,15,138
