,matchId,teamId,win,baronKills,dragonKills,riftHeraldKills,totalGold,goldSpent,averageChampionExp,wardsPlaced,allInPings,assistMePings,commandPings,enemyMissingPings,enemyVisionPings,holdPings,getBackPings,totalPings,magicDPM,physicalDPM,trueDPM,damageCV
0,NA1_5342948140,100,True,1,4,1,60535,52250,15164.8,53,0,3,24,11,1,0,5,44,2086.8577981651374,1139.1399082568807,49.85091743119266,0.9334891399329442
1,NA1_5342948140,200,False,0,0,0,46819,46470,12179.2,39,1,13,11,7,1,0,0,33,1357.0183486238532,1305.2064220183486,129.59862385321102,0.7459402925830304
2,NA1_5342918335,100,True,1,4,1,61378,55000,15449.6,52,0,9,19,8,1,0,7,44,783.7457434733258,1948.8422247446083,275.6526674233825,0.8554740767304087
3,NA1_5342918335,200,False,0,0,0,50015,47875,12042.8,51,0,2,12,7,8,0,0,29,1286.1520998864926,1060.6583427922815,204.79001135073779,0.6707349620230854
4,NA1_5342160623,100,True,1,3,0,65465,58916,16360.8,48,1,13,10,16,1,0,16,57,3044.519180241724,2824.3194955333684,146.8313189700473,0.8044870761232841
5,NA1_5342160623,200,False,0,1,1,54193,50325,13231.6,21,7,19,7,64,11,0,14,122,1845.3074093536522,1303.8570677877037,202.00735680504468,0.749669935325016
6,NA1_5339844867,100,True,0,5,0,87061,78380,23161.0,89,3,13,49,14,18,0,17,114,1972.6392428103386,1557.2042227884965,235.3694939934474,0.7228180122300822
7,NA1_5339844867,200,False,2,1,1,80072,84673,18312.8,97,2,24,10,17,3,0,3,59,1578.4783400072806,1779.402985074627,221.98034219148164,0.7099333007449382
8,NA1_5338185016,100,False,0,2,0,58616,56900,14044.0,57,0,10,9,12,4,0,12,47,2524.2063094641962,866.0190285428142,59.489233850776166,1.0928232167465826
9,NA1_5338185016,200,True,1,2,1,67174,60066,16991.8,63,2,5,20,33,4,0,17,81,1827.0706059088634,1270.0650976464697,441.3920881321983,0.5911471889462662
10,NA1_5338136915,100,True,0,5,1,74242,60950,19216.2,69,0,3,22,14,5,0,6,50,2129.7404202719404,1501.68108776267,257.6514215080346,0.7349701156338264
11,NA1_5338136915,200,False,1,0,0,69163,67235,17016.4,92,6,62,35,35,13,0,34,185,1197.3300370828183,1880.6180469715698,98.56613102595797,0.849102342225754
12,NA1_5338100806,100,False,0,1,0,49240,46008,11731.0,53,7,8,4,14,2,0,12,47,2339.1685912240187,1573.1986143187066,447.29792147806006,0.6548379081413838
13,NA1_5338100806,200,True,1,2,1,61729,56800,15065.8,45,13,13,20,12,1,0,3,62,2962.2401847575056,862.2748267898384,125.47344110854503,1.1179466645028946
14,NA1_5338094032,100,True,0,0,0,2656,2500,37.0,1,0,0,0,2,0,0,0,2,29.444444444444443,0.0,0.0,1.7320508075688772
15,NA1_5338094032,200,False,0,0,0,2683,1950,65.0,2,0,1,5,0,0,0,0,6,0.0,0.0,0.0,
16,NA1_5336554180,100,False,0,0,0,25702,22250,5944.6,22,0,0,4,1,2,0,0,7,945.4564533053516,697.9013641133264,83.92444910807976,0.7703945613495369
17,NA1_5336554180,200,True,0,2,0,30571,26908,6661.8,25,0,0,3,1,3,0,0,7,962.392444910808,1830.9758656873032,177.4186778593914,0.835264347686226
18,NA1_5336496982,100,False,0,5,1,98044,95905,23663.6,36,4,4,17,2,5,0,25,57,1522.7546444586803,2279.980781550288,399.47469570787956,0.6754819228466975
19,NA1_5336496982,200,True,2,1,0,102386,103725,27924.2,101,6,18,12,19,6,0,0,61,5973.555413196669,1337.0467648942986,148.86611146700832,1.2377971445784028
20,NA1_5336454328,100,True,1,2,1,64009,54695,16657.4,66,18,18,39,22,0,0,16,113,3139.592493297587,1102.6166219839142,77.59785522788204,1.0824221592600942
21,NA1_5336454328,200,False,0,2,0,52248,49450,12347.0,29,0,22,9,31,2,0,0,64,791.1957104557641,1812.064343163539,249.42627345844505,0.8344402817229016
22,NA1_5333107543,100,False,0,1,0,42039,38450,11038.0,34,0,3,5,3,0,0,1,12,1454.8557692307693,587.0552884615385,179.4951923076923,0.8796777305547946
23,NA1_5333107543,200,True,0,2,1,52174,44608,13498.0,56,1,0,7,17,5,0,3,33,2135.3365384615386,624.4471153846154,111.38221153846153,1.0993862557001675
24,NA1_5333069923,100,True,0,4,1,72022,66075,18692.0,68,0,17,4,14,2,0,9,46,2544.2283822920976,1151.0219280099298,145.19652461729416,0.9410758938546279
25,NA1_5333069923,200,False,1,2,0,65248,62133,17688.0,64,0,0,13,15,2,0,7,37,1469.0194455937112,826.4211832850642,244.84071162598264,0.7231593819266681
26,NA1_5332919621,100,False,0,0,0,23924,21400,5706.8,26,5,9,2,2,7,0,2,27,747.228426395939,550.9035532994924,109.58375634517766,0.6959624655886175
27,NA1_5332919621,200,True,0,2,1,31652,27833,6790.8,31,3,3,7,1,2,0,3,19,1557.8680203045685,749.3604060913705,122.01015228426395,0.8889588964972978
28,NA1_5332900678,100,False,0,0,0,31449,29950,8675.8,41,0,8,8,10,5,0,10,41,1339.695652173913,528.0,78.73913043478261,0.9850324527052396
29,NA1_5332900678,200,True,0,3,1,37686,33758,9593.0,45,0,0,9,0,6,0,0,15,1016.8260869565217,776.304347826087,38.30434782608695,0.8352498401374395
30,NA1_5309091980,100,False,0,0,0,60634,55950,14893.6,53,1,2,9,10,2,0,18,42,688.6870588235295,2733.6847058823532,93.54352941176471,1.1816256659310975
31,NA1_5309091980,200,True,2,5,1,68892,61758,20315.8,42,1,2,18,3,8,0,1,33,2534.2870588235296,1000.0941176470589,388.15058823529415,0.8455772749940332
32,NA1_5309074661,100,False,0,0,0,23157,20200,5840.4,11,0,2,1,9,1,0,0,13,843.9546858908342,1109.8455200823894,109.49536560247168,0.7533709755132004
33,NA1_5309074661,200,True,0,2,0,27101,24400,6696.4,22,0,0,24,6,1,0,2,33,959.4438722966014,1088.898043254377,36.519052523171986,0.8257859917985707
34,NA1_5306080987,100,False,0,2,0,57706,55258,15039.2,73,0,6,14,9,1,0,2,32,1471.3636363636365,1435.2545454545455,118.63636363636364,0.7643506952797753
35,NA1_5306080987,200,True,1,3,1,68922,63098,18314.0,59,0,9,17,7,7,0,0,40,1029.0818181818183,1934.8363636363638,320.0727272727273,0.7393842045977498
36,NA1_5306050052,100,True,1,4,0,63557,55758,15558.4,64,1,12,39,41,7,0,0,100,1383.9775624681286,1602.3457419683837,147.07802141764407,0.7513821591072709
37,NA1_5306050052,200,False,0,0,0,53576,50983,13533.4,52,6,11,10,11,1,0,3,42,1157.1953085160633,1163.4064252932178,127.64915859255483,0.7305744258257598
38,NA1_5306022454,100,True,0,2,0,63009,56970,16315.4,43,1,8,90,7,3,0,3,112,1749.7606253053248,1393.3952125061064,230.12212994626282,0.7067804929213981
39,NA1_5306022454,200,False,0,3,1,62818,61113,15053.0,51,0,7,11,11,4,0,10,43,1536.7855398143624,3000.556912554958,341.4460185637518,0.8189399959435665
40,NA1_5304201516,100,True,1,3,0,96478,85900,26381.8,93,3,23,32,19,15,0,10,102,2055.8440677966105,2057.084745762712,485.53220338983056,0.5917055766964608
41,NA1_5304201516,200,False,2,4,1,95555,82468,22987.2,93,5,21,27,28,4,0,22,107,1246.942372881356,2340.264406779661,322.6576271186441,0.7749497981505081
42,NA1_5304195215,100,False,0,0,0,3454,2500,369.4,0,0,0,0,0,0,0,0,0,62.91666666666667,197.91666666666669,0.0,1.1630698501308139
43,NA1_5304195215,200,True,0,0,0,3659,2450,436.2,2,0,1,0,1,0,0,0,2,230.0,280.4166666666667,14.583333333333334,0.8068197133725857
44,NA1_5304159402,100,True,1,3,0,72866,64075,19955.6,48,1,12,13,12,0,0,0,38,2789.973451327434,816.3716814159293,179.97345132743365,1.07827275307322
45,NA1_5304159402,200,False,1,2,1,69085,65250,18244.8,50,3,0,64,11,2,0,1,81,1978.9646017699117,1544.9734513274336,383.86725663716817,0.6331230194070523
46,NA1_5303121184,100,True,1,4,1,72210,63130,17654.6,80,4,23,11,11,5,0,18,72,1297.117903930131,2204.5123726346433,609.3449781659389,0.583875692526974
47,NA1_5303121184,200,False,0,1,0,64440,62975,16045.2,60,2,14,42,6,6,0,1,71,1961.7176128093158,1661.542940320233,179.03930131004367,0.7530584236042401
48,NA1_5303081497,100,True,1,4,0,84995,78025,22098.2,74,1,35,37,10,19,0,22,124,3161.2926918839516,958.2372383400661,222.70290121189865,1.056471683530517
49,NA1_5303081497,200,False,1,3,1,78425,76480,19591.2,128,2,17,36,11,9,0,3,78,768.1894968784429,1475.012853470437,259.0157914065369,0.7321542080822254
50,NA1_5303045364,100,True,1,3,1,57715,51325,14962.2,57,0,7,16,6,0,0,1,30,1262.9782833505687,1815.7290589451914,313.9917269906929,0.6716165841625404
51,NA1_5303045364,200,False,0,1,0,47698,44175,12392.6,75,4,20,7,24,1,0,7,63,1478.5315408479835,809.2864529472596,240.0620475698035,0.7356846720160646
52,NA1_5302859149,100,True,0,2,0,47794,42333,11933.4,33,0,3,12,11,7,0,6,39,1059.3986013986014,1725.1048951048951,148.993006993007,0.8091526706070623
53,NA1_5302859149,200,False,0,0,0,32754,28700,9048.2,28,1,3,5,23,0,0,5,37,1285.1748251748252,434.8951048951049,116.89510489510491,0.9864279048313167
54,NA1_5302593363,100,True,0,5,1,86411,78458,22097.8,74,5,29,25,33,5,0,13,110,1787.84,1244.5714285714287,171.40571428571428,0.7702364862584024
55,NA1_5302593363,200,False,1,1,0,84647,79150,22365.6,99,5,36,22,23,10,0,20,116,2926.9942857142855,1076.777142857143,222.62857142857143,0.9812729969042217
56,NA1_5302584020,100,True,0,3,1,48518,42525,10167.2,41,1,9,11,11,5,0,12,49,1201.7084745762713,2001.3966101694916,307.1593220338983,0.7243566630100735
57,NA1_5302584020,200,False,0,1,0,40530,38158,9246.0,35,3,9,12,4,5,0,19,52,1051.6474576271187,2173.220338983051,7.891525423728814,1.0049285957096872
58,NA1_5301958274,100,False,0,0,1,56995,54100,14277.4,62,0,9,23,24,14,0,4,74,940.8012326656394,1928.3513097072419,411.64869029275803,0.7039225381292861
59,NA1_5301958274,200,True,1,5,0,66540,59250,16627.2,51,3,27,21,24,5,0,1,81,1226.7796610169491,1474.668721109399,516.1479198767333,0.4638822988660228
60,NA1_5301679760,100,False,0,1,0,43894,39575,10329.6,42,1,11,18,13,4,0,3,50,1163.3398821218075,1538.8998035363459,236.22789783889982,0.6845550025321282
61,NA1_5301679760,200,True,0,2,1,53923,46650,12939.6,49,1,19,28,11,3,0,3,65,2132.534381139489,1749.7445972495088,212.5343811394892,0.7445009122873891
62,NA1_5301539074,100,False,0,2,0,52886,48450,14211.2,68,0,19,5,19,16,0,12,71,1916.9246540235777,1225.709892362891,208.96975909789853,0.76900379754384
63,NA1_5301539074,200,True,0,2,1,60854,57300,14744.2,73,5,24,8,16,4,0,12,69,1226.0174269605332,1522.296258329062,100.84059456688878,0.789630835319204
64,NA1_5300777438,100,False,3,3,0,92606,84775,25892.6,98,6,25,56,28,10,0,2,127,2343.3768844221104,1992.4020100502512,235.81909547738692,0.7410105654253526
65,NA1_5300777438,200,True,0,4,1,88785,82165,21658.0,103,2,3,29,20,6,0,0,60,2770.070351758794,1320.321608040201,262.19095477386935,0.8677781714418609
66,NA1_5300767414,100,True,0,2,1,46418,38441,10389.4,33,2,6,6,3,0,0,11,28,1405.0632911392406,1693.0454206999257,51.734921816828,0.8346963081583205
67,NA1_5300767414,200,False,0,1,0,39311,37950,9657.2,33,0,11,1,8,4,0,0,24,1368.830975428146,650.2159344750559,54.54951600893522,0.9521117393678494
68,NA1_5299827201,100,False,0,1,0,56505,53800,15808.0,44,2,12,20,13,3,0,4,54,1476.508422664625,1149.1271056661562,30.535987748851458,0.85635243499603
69,NA1_5299827201,200,True,1,4,1,68173,60325,17326.4,49,5,13,5,8,1,0,5,37,2410.842266462481,1117.5497702909647,140.42879019908116,0.9312555553202245
70,NA1_5299689498,100,True,1,4,1,93118,86650,23163.2,86,3,19,82,14,3,0,0,121,1509.3721633888047,2391.8986384266263,202.51134644478063,0.8052516830319658
71,NA1_5299689498,200,False,1,2,0,93597,88695,23998.4,64,1,6,56,9,9,0,15,96,1646.573373676248,1895.2874432677759,434.77307110438727,0.5894859104941246
72,NA1_5299540428,100,True,1,2,1,62629,52545,15991.6,59,9,16,14,15,1,0,8,63,2157.6013513513512,1877.9391891891892,130.9797297297297,0.7907871841400571
73,NA1_5299540428,200,False,0,2,0,48157,47450,11898.4,41,1,7,12,28,4,0,2,54,1561.6554054054054,1133.4459459459458,89.3581081081081,0.8159358832745633
74,NA1_5299303966,100,True,1,2,0,66614,55475,18369.8,50,8,18,8,18,10,0,5,67,1567.6720351390923,2580.1756954612006,878.4187408491948,0.5109040668460351
75,NA1_5299303966,200,False,0,3,1,58979,56925,14829.4,71,3,6,22,25,6,0,9,71,1393.93850658858,2001.7276720351392,153.90922401171304,0.7959518557218783
76,NA1_5299258676,100,False,0,0,0,55698,53593,14522.0,39,0,56,3,53,2,0,0,114,2034.1520467836256,2630.877192982456,144.03508771929825,0.809888421432401
77,NA1_5299258676,200,True,1,4,1,68355,61975,16479.0,78,2,2,14,28,0,0,7,53,2338.333333333333,1942.5146198830407,190.58479532163742,0.7668712450774545
78,NA1_5299227403,100,False,0,4,0,61080,59060,14968.0,58,1,25,21,24,1,0,1,73,1711.5054744525548,1271.5237226277372,133.1934306569343,0.7841211505310645
79,NA1_5299227403,200,True,0,1,1,68122,63125,16369.4,86,19,26,36,29,2,0,0,112,469.735401459854,2680.675182481752,270.2189781021898,1.173298667174286
80,NA1_5299065618,100,True,3,5,0,91506,78105,24208.0,65,0,36,58,36,10,0,48,188,1859.8419269853218,2407.316522393677,397.12457659013927,0.66842548562001
81,NA1_5299065618,200,False,0,1,1,89101,85925,22253.6,60,2,12,29,8,1,0,6,58,2058.7429431689875,1806.0293564170117,561.6785848701543,0.543145562127117
82,NA1_5299054370,100,True,0,2,1,31931,25150,7125.8,22,0,0,1,2,0,0,2,5,896.0924369747898,1503.2773109243697,99.83193277310924,0.8448804531024945
83,NA1_5299054370,200,False,0,0,0,23975,20475,5474.8,24,1,4,17,9,2,0,0,33,525.8823529411765,1022.9621848739496,58.36134453781512,0.9003996972159231
84,NA1_5299036599,100,False,0,1,0,49179,42335,11969.8,50,0,10,2,9,6,0,2,29,846.1390616167325,1713.7478801582815,171.0118711136235,0.8495737904126996
85,NA1_5299036599,200,True,1,3,1,58031,54125,14615.4,49,4,11,17,15,0,0,0,47,863.8100621820237,2599.095534200113,196.28038439796495,1.0168802478565884
86,NA1_5299017701,100,True,1,3,1,66148,60733,16159.2,36,0,23,55,14,8,0,13,113,1886.34742740703,2663.046357615894,227.43759551706572,0.7813643050917913
87,NA1_5299017701,200,False,0,2,0,59683,56300,14972.4,68,4,12,44,3,0,0,6,69,2157.8298522669384,1896.281202241467,303.42333163525217,0.6910069106900296
88,NA1_5298812710,100,False,0,1,0,51104,48055,12013.8,37,0,17,23,12,1,0,0,53,1059.3932455638237,1869.479107040641,140.22896393817973,0.8457181765662479
89,NA1_5298812710,200,True,1,3,1,60908,51350,15619.6,42,2,5,3,19,1,0,8,38,1055.2375500858614,2133.245563823698,199.67945048654838,0.8579104725883976
90,NA1_5298785933,100,False,0,0,1,42144,39375,10089.6,50,4,4,22,16,0,0,0,46,930.1126408010012,1154.0801001251564,242.02753441802253,0.6129690311255591
91,NA1_5298785933,200,True,1,3,0,55126,49091,14436.6,48,1,10,10,11,2,0,6,40,1668.322903629537,1566.4956195244056,179.36170212765958,0.7309076039962197
92,NA1_5298162104,100,True,0,3,1,39002,32875,9995.8,37,0,1,17,3,3,0,11,35,1930.900900900901,1225.0,63.10810810810811,0.8789608821595215
93,NA1_5298162104,200,False,0,0,0,31976,30275,8765.8,40,1,4,11,7,8,0,0,31,819.5495495495496,867.6126126126127,47.02702702702703,0.7966572875473835
94,NA1_5298134070,100,True,2,5,1,67810,62583,18169.0,45,0,0,8,17,1,0,4,30,1290.0137048880767,1698.8305162174508,196.80219278209228,0.7313112368577579
95,NA1_5298134070,200,False,0,0,0,54707,46500,13328.0,49,0,3,20,5,0,0,8,36,1341.6263133851073,1863.8647784376426,0.0,0.8998452931201442
96,NA1_5298096012,100,True,1,4,1,63071,56075,15610.0,44,0,9,28,12,3,0,12,64,2083.119682359614,1517.8672716959727,308.98468519568917,0.6953888860267631
97,NA1_5298096012,200,False,0,0,0,48189,43840,11816.4,43,0,10,9,37,1,0,0,57,1221.9171866137267,1073.8060124787294,165.9103800340329,0.696788662409186
98,NA1_5297797827,100,False,0,0,0,2613,1950,0.0,1,0,0,2,2,2,0,0,6,44.72727272727273,65.45454545454545,0.0,0.9108372777906476
99,NA1_5297797827,200,True,0,0,0,2639,2400,55.2,2,0,0,2,0,0,0,1,3,10.363636363636363,91.0909090909091,2.7272727272727275,1.4098845548260355
100,NA1_5297778326,100,False,0,1,0,44816,38966,11006.4,32,0,5,4,19,1,0,4,33,2026.9333333333334,901.9809523809524,142.89523809523808,0.9257617764953535
101,NA1_5297778326,200,True,0,3,1,46717,44705,12634.8,43,3,10,4,6,0,0,1,24,1457.7142857142858,1770.9333333333334,183.1238095238095,0.7395107528538565
102,NA1_5297774135,100,False,0,0,0,3864,2425,442.4,4,0,0,0,0,0,0,0,0,6.315789473684211,296.84210526315786,0.0,1.6782151977621942
103,NA1_5297774135,200,True,0,0,0,4218,2350,652.6,3,0,0,0,1,2,0,1,4,253.68421052631578,339.64912280701753,16.140350877192983,0.824818463166072
104,NA1_5297727890,100,False,0,2,1,52369,49150,12993.2,40,0,4,15,17,4,0,0,40,2002.5081433224757,737.2964169381107,360.8469055374593,0.8320763173569612
105,NA1_5297727890,200,True,0,2,0,56984,49575,16157.8,61,3,6,17,2,9,0,19,56,1495.928338762215,1558.827361563518,163.02931596091204,0.7349787725671421
106,NA1_5297520078,100,False,0,1,1,54536,53413,13870.4,32,3,6,13,10,2,0,1,35,1450.6135986733002,1547.330016583748,126.00331674958541,0.7626481222777292
107,NA1_5297520078,200,True,1,2,0,60705,53500,14553.0,38,0,0,21,3,0,0,6,30,867.363184079602,2434.792703150912,184.01326699834163,0.9930369590639956
108,NA1_5296629133,100,True,0,2,1,51180,45900,13226.0,49,0,1,14,6,3,0,20,44,1132.908067542214,1840.7879924953097,115.53470919324579,0.8421911837968905
109,NA1_5296629133,200,False,0,0,0,45186,43583,11226.8,43,0,3,1,3,0,0,2,9,1113.8836772983116,1201.1632270168857,79.51219512195122,0.7816697610756221
110,NA1_5296263991,100,False,0,0,1,38288,36300,8618.4,41,2,24,11,31,1,0,9,78,1690.3810975609756,1060.9756097560976,129.8780487804878,0.8174588914502937
111,NA1_5296263991,200,True,0,3,0,47846,39883,12045.0,34,0,9,1,6,10,0,0,26,874.5274390243902,2336.204268292683,517.4085365853658,0.7754627284988269
112,NA1_5295576239,100,False,0,0,0,39378,36125,9895.0,36,0,2,3,5,6,0,2,18,1297.1354504212575,529.0343486714194,218.76863253402465,0.8144188859359132
113,NA1_5295576239,200,True,0,3,1,47830,43388,12322.4,47,4,3,13,4,5,0,3,32,1680.50550874919,1189.4232015554117,43.16267012313675,0.8653021551649367
114,NA1_5294868369,100,False,0,2,1,59955,55708,15422.6,50,0,0,6,2,0,0,4,12,1984.4257950530034,900.4240282685512,284.4434628975265,0.814688006546987
115,NA1_5294868369,200,True,1,3,0,73433,68500,18470.0,72,1,6,20,29,6,0,7,69,1039.160777385159,2494.9558303886924,362.54416961130744,0.8389286104343848
116,NA1_5294817723,100,False,0,3,1,84447,79833,19860.4,41,2,3,3,4,2,0,6,20,390.01100917431194,3705.049541284404,956.5431192660551,1.0530321185716869
117,NA1_5294817723,200,True,3,4,0,96578,97275,27245.2,89,3,26,17,15,5,0,5,71,2362.2825688073394,1829.9449541284405,174.36330275229358,0.7839086844202566
118,NA1_5294744470,100,False,0,1,1,60802,57810,14895.4,60,5,15,40,36,1,0,0,97,2124.545454545455,1360.2690166975883,197.39332096474956,0.7906305964172017
119,NA1_5294744470,200,True,1,4,0,71409,61650,19002.4,47,5,8,23,17,16,0,16,85,1035.8070500927645,2555.6771799628946,347.72727272727275,0.8604155270278915
120,NA1_5294452175,100,True,2,4,1,73652,65225,20221.8,55,1,3,38,21,2,0,6,71,1871.393103448276,1604.9931034482759,112.82758620689656,0.7922165112582066
121,NA1_5294452175,200,False,0,0,0,71278,65360,19253.6,64,0,10,21,24,5,0,1,61,1544.0551724137931,2495.503448275862,217.7103448275862,0.806169600678397
122,NA1_5294441078,100,True,0,1,0,48742,44350,10591.0,35,0,0,8,9,0,0,0,17,1954.0425531914896,1530.6855791962175,280.2364066193854,0.6934687557397058
123,NA1_5294441078,200,False,0,1,0,31797,29750,8058.2,23,0,2,16,7,4,0,2,31,1474.7517730496454,677.2576832151301,61.56028368794327,0.9602705785742784
124,NA1_5294208274,100,True,1,3,0,90750,79683,25017.2,68,0,14,32,8,5,0,0,59,2048.04793196753,2131.1944337069963,468.8210282180131,0.6045694869780277
125,NA1_5294208274,200,False,1,4,1,85942,85923,22251.4,95,2,9,36,27,2,0,3,79,1363.3243138770777,1972.462311557789,385.0019327406262,0.6457124065373151
126,NA1_5293511416,100,True,2,2,1,86240,78250,22126.8,67,1,14,16,17,14,0,8,70,429.0774042220485,2556.989835809226,172.91634089132134,1.2429127880211233
127,NA1_5293511416,200,False,0,4,0,76043,71310,19188.0,69,1,18,28,4,2,0,10,63,1931.1180609851447,1455.1524628616107,552.9945269741986,0.5330632365064264
128,NA1_5293497043,100,False,0,0,0,30417,26500,8917.4,37,1,5,5,9,2,0,0,22,1015.2665245202559,470.95948827292113,55.223880597014926,0.9370153471729884
129,NA1_5293497043,200,True,0,3,1,47165,39475,12406.2,42,0,3,12,10,13,0,4,42,1403.7953091684435,1996.4179104477612,182.04690831556505,0.7748062307321459
130,NA1_5292384975,100,True,0,4,1,58039,47508,13291.4,61,0,9,15,23,3,0,9,59,3082.3474723997674,657.7338756536897,205.2062754212667,1.176431011885676
131,NA1_5292384975,200,False,0,0,0,50244,48733,11875.6,49,5,24,15,11,3,0,1,59,1730.7263219058686,1146.8332364904124,329.773387565369,0.6582131906446855
132,NA1_5292216464,100,True,2,3,1,83988,77010,21925.8,81,0,28,37,12,4,0,0,81,2406.159420289855,1874.1304347826087,612.632850241546,0.5647887171239727
133,NA1_5292216464,200,False,0,2,0,78314,71625,18849.0,78,0,2,32,6,1,0,8,49,2558.3574879227053,1800.3140096618358,90.45893719806763,0.8524161318050985
134,NA1_5286912737,100,True,1,2,0,54507,51700,14482.0,64,2,12,19,24,5,0,0,62,2206.855585831063,759.3678474114441,182.22343324250681,0.9938505838540184
135,NA1_5286912737,200,False,0,0,1,44836,41800,12330.6,38,2,10,31,27,12,0,28,110,732.3923705722071,982.2016348773842,182.4850136239782,0.6469975413917255
136,NA1_5286890246,100,False,0,0,0,48078,46575,11712.6,48,0,14,5,12,10,0,1,42,1802.4985337243402,1187.9296187683285,226.87390029325513,0.7404991061825459
137,NA1_5286890246,200,True,0,4,1,53081,47550,13927.4,44,0,1,5,2,5,0,2,15,1718.7800586510264,1407.8357771260996,290.3225806451613,0.6595576764664584
138,NA1_5286211608,100,False,1,1,0,64063,58143,16628.2,69,2,10,9,9,1,0,15,46,1504.1447368421052,1771.6071428571427,103.36466165413533,0.7954624612073277
139,NA1_5286211608,200,True,0,4,1,69749,58350,18089.0,55,0,10,15,6,5,0,3,39,2255.3571428571427,1673.7406015037593,171.79511278195488,0.7865047689599298
140,NA1_5285777339,100,True,1,2,1,59252,54125,14632.6,58,0,11,13,32,5,0,22,83,819.7822706065319,1693.7791601866252,132.84603421461898,0.8868616488344128
141,NA1_5285777339,200,False,0,2,0,50466,48575,11981.4,62,4,9,42,38,14,0,5,112,2911.5396578538102,789.9844479004666,119.53343701399689,1.1443150188667846
142,NA1_5285766604,100,True,0,0,0,15259,11400,2915.4,13,0,6,4,10,2,0,4,26,372.21995926680245,887.4134419551934,176.21181262729124,0.767515238589259
143,NA1_5285766604,200,False,0,0,0,11522,9875,2419.8,11,1,2,7,5,2,0,0,17,372.34215885947043,779.0224032586558,37.515274949083505,0.9370164901560974
144,NA1_5285751856,100,True,0,2,1,31840,27140,8469.2,30,0,1,1,6,7,0,8,23,1147.2394881170017,804.4058500914076,75.08226691042047,0.8105168992795051
145,NA1_5285751856,200,False,0,0,0,26963,23675,7290.6,21,0,4,8,5,0,0,2,19,481.2065813528336,950.4021937842779,106.06946983546618,0.8253455567330413
146,NA1_5285733419,100,False,0,1,0,22415,20500,6256.8,35,0,3,3,9,0,0,1,16,758.8616290480863,558.3120706575073,86.26104023552502,0.738144154985517
147,NA1_5285733419,200,True,0,1,0,31587,25300,7323.0,30,9,9,16,9,7,0,4,54,756.918547595682,1292.2669283611383,33.62119725220805,0.9098165780978661
148,NA1_5285225464,100,True,0,2,1,53741,48050,12980.8,43,2,4,9,12,4,0,11,42,3455.8088235294117,547.8308823529412,168.78676470588235,1.2930295090230848
149,NA1_5285225464,200,False,0,1,0,47545,40633,10893.2,29,0,0,1,2,3,0,9,15,1618.235294117647,568.0882352941177,56.32352941176471,1.0651749730409037
150,NA1_5285181083,100,False,1,1,1,81946,76525,20976.6,64,10,10,11,25,3,0,10,69,2896.108669596484,1549.8601677986417,280.07990411506194,0.8304192629602165
151,NA1_5285181083,200,True,1,5,0,89111,79225,22694.2,53,1,5,19,8,2,0,1,36,1409.628445864962,2474.8381941669995,331.04274870155814,0.762829289651957
152,NA1_5284657811,100,True,0,3,0,47003,41500,11057.8,42,0,8,5,17,2,0,8,40,1751.855010660981,1327.0362473347548,249.29637526652454,0.6981834878120797
153,NA1_5284657811,200,False,0,0,1,39610,35905,9524.2,41,0,10,17,3,0,0,0,30,1013.7313432835821,889.4243070362473,82.21748400852879,0.7642276692368162
154,NA1_5284551559,100,False,0,0,0,28509,26116,7364.8,28,1,1,7,5,1,0,2,17,600.2852614896989,1081.093502377179,41.79080824088748,0.9055435525023765
155,NA1_5284551559,200,True,0,3,1,37907,33833,9017.8,32,1,0,4,8,0,0,0,13,757.2741679873217,1653.851030110935,154.6592709984152,0.8820506272576374
156,NA1_5284527686,100,True,0,3,1,49732,45000,12664.4,37,0,0,8,1,0,0,1,10,1949.8983050847457,1456.5152542372882,186.3864406779661,0.75970224470005
157,NA1_5284527686,200,False,0,0,0,34489,34105,9408.8,24,0,3,3,9,1,0,2,18,1004.135593220339,779.3084745762712,80.86779661016949,0.7747433403563467
158,NA1_5284382047,100,False,0,2,0,22303,17625,5230.8,18,0,0,4,3,0,0,0,7,820.8730964467004,532.6903553299492,55.97969543147208,0.8221804248548902
159,NA1_5284382047,200,True,0,0,0,29355,25850,6335.8,23,1,0,3,7,0,0,12,23,769.2182741116751,1409.6040609137056,140.83248730964465,0.8204607494922705
160,NA1_5284364208,100,False,0,1,0,36964,33950,8772.6,21,0,0,6,2,0,0,1,9,1861.5921787709497,816.8715083798883,112.9608938547486,0.9455748032931127
161,NA1_5284364208,200,True,0,2,1,50124,43558,12379.2,28,0,5,13,12,4,0,6,40,1165.4748603351954,2417.8072625698323,156.99720670391062,0.9084306455898178
162,NA1_5284336245,100,False,0,3,0,43787,42175,12383.0,43,1,3,12,8,4,0,10,38,1147.2797783933518,472.0886426592798,57.739612188365655,0.9837459037407402
163,NA1_5284336245,200,True,1,2,1,57482,51400,14887.2,52,0,12,5,17,2,0,6,42,2780.5429362880886,545.617728531856,148.1218836565097,1.2253481847659047
164,NA1_5283915122,100,True,1,4,0,57022,50600,14469.4,53,0,3,5,4,1,0,3,16,1035.0500556173527,2210.8231368186875,253.1479421579533,0.844881279615469
165,NA1_5283915122,200,False,0,0,0,48040,45600,13099.4,43,0,4,5,3,0,0,0,12,997.741935483871,1042.4582869855396,475.22803114571747,0.37612947390300083
166,NA1_5283198519,100,True,1,4,1,74544,70310,20581.8,90,0,7,15,9,14,0,1,46,2809.996104402026,1265.7966497857421,369.13907284768214,0.8333049353337552
167,NA1_5283198519,200,False,0,2,0,70072,67030,17249.6,68,0,14,2,23,3,0,7,49,1599.758472925594,1455.3798208024932,482.38410596026495,0.5153950683023787
168,NA1_5283176499,100,True,0,2,1,42021,35035,11073.8,52,0,3,4,8,9,0,14,38,539.1142490372273,1434.1463414634147,74.3645699614891,1.0126034800386308
169,NA1_5283176499,200,False,0,0,0,37246,36105,9264.0,49,0,1,15,10,14,0,1,41,1668.6392811296535,764.2490372272144,66.43132220795893,0.9642468477119185
170,NA1_5283156854,100,True,0,2,0,44718,39325,11101.8,44,1,2,3,13,4,0,6,29,1450.8209437621201,1475.9534583063994,68.26115061409179,0.8069097049518823
171,NA1_5283156854,200,False,0,1,0,37072,34775,8844.8,41,1,3,3,4,7,0,0,18,1781.0342598577893,684.1241111829347,133.76858435681964,0.9680249333249631
172,NA1_5282667050,100,True,0,1,0,51964,47543,12625.8,34,0,4,13,22,2,0,0,41,1534.9017199017198,1218.7592137592137,120.7002457002457,0.7746979780693412
173,NA1_5282667050,200,False,0,2,1,43456,38883,11303.4,39,0,0,9,0,2,0,3,14,1290.0,950.4545454545455,219.61916461916462,0.6670295148568695
174,NA1_5282646848,100,True,0,2,0,38381,32008,9700.6,31,0,0,8,2,4,0,2,16,1255.4653937947494,1144.72553699284,111.69451073985681,0.7534061397118323
175,NA1_5282646848,200,False,0,0,1,31876,30333,8212.6,29,0,0,1,11,9,0,3,24,419.18854415274467,1483.1503579952268,51.02625298329356,1.1421826763100622
176,NA1_5282623981,100,True,0,1,0,26271,20125,5976.2,19,0,3,9,29,3,0,6,50,497.68147345612135,1282.8819068255689,202.1668472372698,0.8451101300147393
177,NA1_5282623981,200,False,0,1,0,19233,18025,4975.6,14,0,1,0,2,0,0,0,3,573.4127843987,503.9869989165764,83.53196099674973,0.6849862076212216
